0.000000000000000000e+00 3.048512057382938862e-04
1.000000000000000056e-01 -3.039204426167160800e-02
2.000000000000000111e-01 1.948328339578696278e-01
3.000000000000000444e-01 4.162464376460535131e-01
4.000000000000000222e-01 2.296499756118831059e-01
5.000000000000000000e-01 3.808176481760409127e-01
6.000000000000000888e-01 5.897952094304331760e-01
7.000000000000000666e-01 7.540315463078457459e-01
8.000000000000000444e-01 7.764655839199336995e-01
9.000000000000000222e-01 7.414671540426016616e-01
1.000000000000000000e+00 8.444187413969448386e-01
1.100000000000000089e+00 8.624985897279883185e-01
1.200000000000000178e+00 1.049514028388459197e+00
1.300000000000000044e+00 8.113922375665217901e-01
1.400000000000000133e+00 8.012803257310725513e-01
1.500000000000000000e+00 8.473573820461010042e-01
1.600000000000000089e+00 9.886896265148734653e-01
1.700000000000000178e+00 9.656017181065862376e-01
1.800000000000000044e+00 9.268348387629959939e-01
1.900000000000000133e+00 8.592422378434666497e-01
2.000000000000000000e+00 9.196405518851643590e-01
2.100000000000000089e+00 9.147341087294631468e-01
2.200000000000000178e+00 8.251543277086990091e-01
2.300000000000000266e+00 6.949130731244859138e-01
2.400000000000000355e+00 7.058683200876013641e-01
2.500000000000000000e+00 8.338401892767088874e-01
2.600000000000000089e+00 3.986280308926033467e-01
2.700000000000000178e+00 4.163019417290481083e-01
2.800000000000000266e+00 2.897464631043782934e-01
2.900000000000000355e+00 4.261373778287372849e-01
3.000000000000000000e+00 1.893510484435219632e-01
3.100000000000000089e+00 -1.180469592502196713e-01
3.200000000000000178e+00 -2.320222747604237801e-02
3.300000000000000266e+00 -2.410024044342316540e-01
3.400000000000000355e+00 -2.977793423258794925e-01
3.500000000000000000e+00 -4.911759468147930408e-01
3.600000000000000089e+00 -4.002881073840754977e-01
3.700000000000000178e+00 -4.023204536668351095e-01
3.800000000000000266e+00 -5.740465256775041381e-01
3.900000000000000355e+00 -6.430555298841800216e-01
4.000000000000000000e+00 -6.875169975947417189e-01
4.100000000000000533e+00 -6.838708915699825974e-01
4.200000000000000178e+00 -8.980091566883462439e-01
4.299999999999999822e+00 -9.174958682635495633e-01
4.400000000000000355e+00 -1.148755652598623112e+00
4.500000000000000000e+00 -9.651884293542334348e-01
4.600000000000000533e+00 -1.106021312522335487e+00
4.700000000000000178e+00 -9.619472637148744898e-01
4.800000000000000711e+00 -1.012223185893274868e+00
4.900000000000000355e+00 -1.005271225482742503e+00
5.000000000000000000e+00 -1.034986321743427862e+00
5.100000000000000533e+00 -1.029705775179296401e+00
5.200000000000000178e+00 -8.783129404119218719e-01
5.300000000000000711e+00 -7.756783065922889797e-01
5.400000000000000355e+00 -7.036552089314527247e-01
5.500000000000000000e+00 -6.605512808734658181e-01
5.600000000000000533e+00 -5.544623071799889003e-01
5.700000000000000178e+00 -3.979929843360129338e-01
5.800000000000000711e+00 -2.863079646091918340e-01
5.900000000000000355e+00 -4.385059756876972803e-01
6.000000000000000000e+00 -4.273033274319162356e-01
6.100000000000000533e+00 -2.835054849996964110e-01
6.200000000000000178e+00 -5.271126374602359832e-02
6.300000000000000711e+00 -1.173419196648191887e-01
6.400000000000000355e+00 9.298780545134825715e-02
6.500000000000000000e+00 1.191835463397465655e-01
6.600000000000000533e+00 3.674461687148576350e-01
6.700000000000000178e+00 5.335430353391414915e-01
6.800000000000000711e+00 5.634950908990146168e-01
6.900000000000000355e+00 5.357501967066423676e-01
7.000000000000000000e+00 4.387187793056592788e-01
7.100000000000000533e+00 8.234412728979343399e-01
7.200000000000000178e+00 1.001810682405732900e+00
7.300000000000000711e+00 1.044771572758954381e+00
7.400000000000000355e+00 8.844938867201339594e-01
7.500000000000000000e+00 1.027590253476674764e+00
7.600000000000000533e+00 7.862565775223326892e-01
7.700000000000000178e+00 1.048192962698891950e+00
7.800000000000000711e+00 9.527132507532459771e-01
7.900000000000000355e+00 1.019090911241756547e+00
8.000000000000000000e+00 1.113628724122718516e+00
8.099999999999999645e+00 1.064253730981516766e+00
8.200000000000001066e+00 1.073424482576717853e+00
8.300000000000000711e+00 9.340616437008512074e-01
8.400000000000000355e+00 7.091829297596943249e-01
8.500000000000000000e+00 7.951219691678137469e-01
8.599999999999999645e+00 7.336727802167212209e-01
8.700000000000001066e+00 7.548977819042753667e-01
8.800000000000000711e+00 6.095660919498041563e-01
8.900000000000000355e+00 3.820100417755102340e-01
9.000000000000000000e+00 4.072517244989052321e-01
9.099999999999999645e+00 1.601515754695769789e-01
9.200000000000001066e+00 2.838689661724941304e-01
9.300000000000000711e+00 2.524305775532891816e-01
9.400000000000000355e+00 7.680809268023379432e-02
9.500000000000000000e+00 -2.676925603579846658e-02
9.600000000000001421e+00 -4.436419593973145448e-03
9.700000000000001066e+00 -1.482219827714819083e-01
9.800000000000000711e+00 -2.185197411025691372e-01
9.900000000000000355e+00 -5.250189384840636686e-01
